P 35.7439, 99.3899, -37.9989,  0, 0, 0,  2,  Splitpaw_Commander
P 52.5535, 104.0649, -53.4259,  0, 0, 0,  2,  Scout_Malityn
P 20.4853, -17.5351, -2.2640,  240, 240, 240,  2,  Waterfall
P 126.3111, -278.6757, -37.8817,  240, 240, 240,  2,  Elite_Room
P -120.6044, -199.0265, -59.9666,  240, 240, 240,  2,  The_Snake_Pit
P -163.8701, -190.9717, -60.9666,  240, 240, 0,  2,  TRAP:_Fake_Door
P 74.9225, 32.4263, -173.7574,  240, 240, 0,  2,  Swim_Out_(Underwater)
P 96.7750, -90.8546, -161.8725,  240, 240, 0,  2,  Swim_Out_(Underwater)
P 75.9145, 2.4319, -227.6402,  0, 0, 240,  1,  GS:_Silver_Ring
P -93.3019, 54.0059, -3.4909,  255, 255, 0,  2,  TRAP:_Fake_Floor
