P 443.0869, 2631.2930, 174.7839,  0, 0, 0,  2,  Gloradin_Coldheart
P -78.5299, -215.0429, 29.8359,  0, 0, 0,  2,  Corbin_Blackwell
P 3175.8721, 573.6348, 154.0649,  0, 0, 0,  2,  Corbin_2
P 1899.3898, 539.9869, 159.8399,  0, 0, 0,  2,  Corbin_1
P -3285.1189, 7938.1689, 142.9389,  0, 0, 0,  2,  Korrigan
P 2623.9258, 4926.7100, 142.9379,  0, 0, 0,  2,  Tain_Hammerfrost
P -3476.8821, 6335.0103, 144.3629,  0, 0, 0,  2,  Tanik
P -1565.4147, 2461.1177, 304.9509,  0, 0, 0,  2,  Boridain_Glacierbane
P 2158.5159, 7863.3096, 147.2376,  0, 0, 0,  2,  Loremaster_Derrin
P -3230.0000, 8083.0000, 0.0000,  0, 0, 0,  2,  Icefang
P -77.3120, 7455.4854, 157.8143,  0, 127, 127,  2,  Nelef_the_Trader
P -3407.3899, 1741.3477, 138.7891,  255, 255, 255,  2,  Kromrif_Fortress
P 66.7705, -429.4951, -11.6760,  255, 255, 255,  2,  North-East_Ruins
P 2117.6841, -635.5589, 143.3289,  255, 255, 255,  2,  Safe_Tree
P -4213.4341, 9593.1182, 148.5589,  255, 255, 255,  2,  Walrus_Safe_Camp
P -4728.9502, 9133.8311, 258.4279,  255, 255, 255,  2,  Man_O_War_Hill
P 3208.3047, 548.8659, 154.4819,  255, 255, 255,  2,  Coldain_Encampment
P -3285.8521, 6151.1270, 169.3479,  255, 255, 255,  2,  Giant_Hill
P -2746.6160, 6412.2520, 142.9399,  255, 255, 255,  2,  Shining_Rock
P -500.0000, 3400.0000, 0.0000,  255, 255, 255,  2,  Ry`Gorr_Keep
P -153.2866, 7412.2725, 159.1770,  0, 127, 127,  2,  Garath_the_Trader
P -3359.5010, 1478.6857, 160.9613,  0, 0, 0,  2,  Peffin_Ambersnow_(invis)
P 182.5434, -343.2992, 1.2187,  0, 0, 0,  2,  Captain_Ulmog
P -45.0334, -215.8592, 31.9944,  0, 0, 0,  2,  Interrogator_of_Ry`Gorr
P -482.4063, 3824.1670, 168.0762,  127, 64, 0,  2,  Chief_Ry`Gorr_(Hunter)
P -212.8148, 3843.4983, 145.5725,  127, 64, 0,  2,  Firbrand_the_Black_(Hunter)
P -327.8952, 3720.5557, 145.5663,  127, 64, 0,  2,  a_Ry`Gorr_minstrel_(Hunter)
P 365.6810, -290.4536, 4.0306,  127, 64, 0,  2,  Warden_Bruke_(Hunter)
P -5092.7422, 138.2114, 302.0379,  0, 0, 0,  2,  Ekelng_Thunderstone
P 1345.4718, 2835.2891, 147.1091,  0, 0, 240,  1,  GS:_Skinning_Rock
P 380.3437, 2710.3328, 177.2795,  0, 0, 0,  2,  Deaen_Greyforge
P 389.8700, 2713.8384, 178.5118,  0, 0, 0,  2,  Geradain_Glacierbane
P 2428.4065, 2067.2361, 176.8001,  0, 0, 240,  1,  GS:_Skinning_Rock
P 3189.5354, 575.5046, 154.9133,  0, 0, 0,  2,  Dobbin_Crossaxe
P -2366.1458, 66.2506, 147.3419,  0, 0, 0,  2,  Captain_Berradin
P -3447.2051, 1501.2053, 159.4393,  0, 0, 0,  2,  Fjloaren_Icebane
P -561.8847, 3832.4009, 149.4706,  0, 0, 0,  2,  Oracle_of_Ry`Gorr
P 5133.6816, 4498.6914, 498.3155,  240, 240, 240,  2,  The_Gretespaign