P 912.0000, 1515.0000, -40.6118,  0, 0, 0,  2,  Nexus_Scion
P -419.0000, -2115.0000, -43.2469,  0, 128, 0,  2,  Emil_(Merchant)
P -400.0000, -2101.0000, -43.2469,  0, 128, 0,  2,  Stylla_(Merchant)
P 1108.0000, -2166.0000, -13.6540,  0, 128, 0,  2,  Quana_(Baking)
P 1129.0000, -2195.0000, -13.6540,  0, 128, 0,  2,  Xylania_(Merchant)
P 732.0000, -1759.0000, -70.8301,  0, 128, 0,  2,  Tran_(Merchant)
P -985.0000, -2218.0000, -28.3683,  0, 128, 0,  2,  Win_(Smithing)
P -1007.0000, -2273.0000, -25.9638,  0, 128, 0,  2,  Islan_(Merchant)
P 362.0000, -1039.0000, -54.2645,  0, 128, 0,  2,  Martyn_(Spells)
P 359.0000, -1081.0000, -60.6020,  255, 0, 0,  2,  Druid_Ring
P 909.0000, 1483.0000, -38.6741,  255, 0, 0,  2,  Wizard_Spires