P -1392.0000, 858.0000, 0.0000,  255, 255, 255,  2,  Smugglers_Camp
P -609.0000, -1298.0000, 0.0000,  255, 255, 255,  2,  Smugglers_Camp
P 230.0000, 1013.0000, 0.0000,  255, 255, 255,  2,  Smugglers_Camp
P 1273.0000, 97.0000, 0.0000,  255, 255, 255,  2,  Circle_of_Adventurers
P 1461.0000, -695.0000, 0.0000,  255, 255, 255,  2,  Mushroom_Ring
P 1330.0000, -1458.0000, 0.0000,  255, 255, 255,  2,  Smugglers_Camp
P 1501.0000, 660.0000, 0.0000,  255, 255, 255,  2,  Tribal_Camp
P 1803.0000, -1112.0000, 106.0000,  240, 240, 240,  2,  Rockhopper_Cave
P -1126.0000, -1078.0000, 65.0000,  240, 240, 240,  2,  Pond_of_Influence
P -623.0000, 1423.0000, 98.0000,  240, 240, 240,  2,  Ruins_with_Runed_Statues
P 1375.0000, -1402.0000, 95.0000,  0, 128, 0,  2,  Daved_Dexter_(Smithing)
P 1285.0000, -1339.0000, 95.0000,  0, 128, 0,  2,  Mikhal_Young_(Smithing)
P -1353.0000, 958.0000, 87.0000,  0, 128, 0,  2,  Yharrv_Valorus_(Brewing)
P -1355.0000, 903.0000, 84.0000,  0, 128, 0,  2,  Thariza_Spiritis_(Brewing)
P 1397.0000, -1347.0000, 86.0000,  0, 0, 0,  2,  Lendal_Roble
P 1367.0000, -1338.0000, 86.0000,  0, 0, 0,  2,  Denns_Rootenpaw
P 1382.0000, -1364.0000, 86.0000,  0, 0, 0,  2,  Glenda_Melonfus
P 1351.0000, -1355.0000, 86.0000,  0, 0, 0,  2,  Artah_Medrino
P 1360.0000, -1377.0000, 86.0000,  0, 0, 0,  2,  Serena_Togges
P 1320.0000, -1377.0000, 97.0000,  0, 0, 0,  2,  Ryann_Desgrey
P 1278.0000, 203.0000, 95.0000,  0, 0, 0,  2,  Bryce_McFadden
P 1305.0000, 212.0000, 95.0000,  0, 0, 0,  2,  Kenta_Renlas
P 1288.0000, 230.0000, 95.0000,  0, 0, 0,  2,  Gaines_Benry
P 1274.0000, 238.0000, 95.0000,  0, 0, 0,  2,  Dragen_Faux
P 218.0000, 1015.0000, 89.0000,  0, 0, 0,  2,  Charl_Sleedar
P 248.0000, 1041.0000, 86.0000,  0, 0, 0,  2,  Antoni_McCorley
P 229.0000, 1064.0000, 86.0000,  0, 0, 0,  2,  Jon_Otton
P 225.0000, 1098.0000, 89.0000,  0, 0, 0,  2,  Wils_Otton
P -1341.0000, 938.0000, 86.0000,  0, 0, 0,  2,  Antruelin_Nobilis
P -1318.0000, 941.0000, 86.0000,  0, 0, 0,  2,  Caelin_Shayle
P -1305.0000, 928.0000, 86.0000,  0, 0, 0,  2,  Anario_Dirkog
P -1306.0000, 908.0000, 86.0000,  0, 0, 0,  2,  Holrik_Falyn
P -1326.0000, 900.0000, 86.0000,  0, 0, 0,  2,  Kirthor_Faldyr
P -1334.0000, 886.0000, 86.0000,  0, 0, 0,  2,  Kanthek_Ogrebane
P -573.0000, -1250.0000, 86.0000,  0, 0, 0,  2,  Ryklo_Rikes
P -587.0000, -1238.0000, 86.0000,  0, 0, 0,  2,  Reiker_Rikes
P -592.0000, -1222.0000, 86.0000,  0, 0, 0,  2,  Sedona_Raines
P -1234.0000, -997.0000, 92.0000,  0, 0, 0,  2,  Centurion_Peran_(Roam)
P -1178.0000, -1505.0000, 93.0000,  0, 0, 0,  2,  Carre_Harger
P -1576.0000, -1385.0000, 93.0000,  0, 0, 0,  2,  Faulen_Hein
P -1534.0000, 1137.0000, 152.0000,  0, 0, 0,  2,  Lieutenant_Broansas
P 2340.0000, -1404.0000, -19.0000,  127, 64, 0,  2,  An_Age_Old_Rockhopper_(Hunter)
P -65.0000, -555.0000, 41.0000,  127, 64, 0,  2,  an_ebonfang_wolf_(Hunter
P 1443.0000, -652.0000, 88.0000,  127, 64, 0,  2,  Fungus_Covered_Shroom_(Hunter)
P 1812.0000, -1452.0000, -48.0000,  127, 64, 0,  2,  Sambata_Tribal_Advisor_(Hunter)
P 2342.0000, -1405.0000, -19.0000,  127, 64, 0,  2,  Sambata_Tribal_Leader_Garn_(Hunter)
P 1490.0000, 731.0000, 97.0000,  127, 64, 0,  2,  Tribal_Advisor_(Hunter)
P 1475.0000, 699.0000, 98.0000,  127, 64, 0,  2,  Tribal_Hunter_(Hunter)
P 1485.0000, 719.0000, 97.0000,  127, 64, 0,  2,  Tribal_Leader_(Hunter)
P 1468.0000, 723.0000, 97.0000,  127, 64, 0,  2,  Tribal_Shaman_(Hunter)
