P 2133.7593, 73.8904, 13.1389,  240, 240, 0,  1,  .
P 1971.9740, 189.8155, -3.9562,  240, 240, 0,  1,  .
P 1786.9373, 424.2701, -17.0097,  240, 240, 0,  1,  .
P 513.3386, 1230.7758, 1.7410,  240, 240, 0,  1,  .
P 140.1213, 1016.1635, 25.0572,  240, 240, 0,  1,  .
P -2597.4500, 126.6950, 1.8183,  240, 240, 0,  1,  .
P -2249.5071, 780.0795, -6.1711,  240, 240, 0,  1,  .
P -1063.3318, 946.6953, -3.0823,  240, 240, 0,  1,  .
P -1016.5727, 674.7983, -14.5687,  240, 240, 0,  1,  .
P -485.3368, -235.6264, -17.0094,  240, 240, 0,  1,  .
P -667.0735, -369.4229, -10.8199,  240, 240, 0,  1,  .
P -430.5714, -1352.1924, 20.7997,  240, 240, 240,  1,  .
P 1985.2295, -1011.4080, -33.5457,  0, 0, 240,  1,  GS:_Rotten_Pumpkin_(Night_of_the_Dead)
P -930.5046, -1411.9318, 53.4353,  0, 127, 127,  2,  Torgor_the_Bonecollector_(Nights_of_the_Dead_Quests)
P -1234.3677, -975.8285, -17.0063,  0, 127, 0,  2,  Mugu_(Smithing)
P -1046.6515, 1455.4583, 11.5015,  0, 0, 0,  2,  Aqaar_Aluram
P -1062.0426, 1456.1884, 9.5557,  0, 0, 0,  2,  Eleann_Morkul
P -1050.1625, 1440.5763, 7.5319,  0, 0, 0,  2,  Spanner_Scrapsnatcher
P -334.0000, 1306.0000, -1.0000,  127, 64, 0,  2,  Tae_Ew_Cenobite_(Hunter)
P -171.0000, 1063.0000, 20.0000,  127, 64, 0,  2,  Tae_Ew_Templar_(Hunter)
P -237.0000, 926.0000, -5.0000,  127, 64, 0,  2,  Tae_Ew_Templar_(Hunter)
P -389.0000, 1089.0000, -5.0000,  127, 64, 0,  2,  Tae_Ew_Templar_(Hunter)
P -561.0000, 163.0000, 67.0000,  127, 64, 0,  2,  a_Tae_Ew_Spiritualist_(Hunter)
P 334.0000, 1321.0000, -19.0000,  127, 64, 0,  2,  Tae_Ew_Diviner_(Hunter)
P -528.5456, 169.4038, 54.3097,  0, 0, 0,  2,  Radiant
P 377.0108, 1341.7245, -8.3416,  127, 64, 0,  2,  Tae_Ew_Archon_(Hunter)
P 77.7228, 1374.3246, 47.4081,  127, 64, 0,  2,  a_Silverflank_guardian_(Hunter)
P -578.0367, -1132.9220, -13.9801,  0, 0, 0,  2,  Duga
P -641.4318, -1124.4783, -15.4228,  0, 0, 0,  2,  Grak
P 108.0410, 285.0248, -23.0006,  0, 0, 0,  2,  Poxoon_Ripclaw
P -2603.7737, 2363.3130, 17.8197,  0, 0, 0,  2,  Cyndreela
P -3175.7085, -556.2365, 0.0068,  0, 0, 0,  2,  Bazukala_Swampdragger
P 2917.0281, 1124.1974, -13.1666,  0, 0, 0,  2,  Drizda_Tunesinger
P -1152.2681, -808.3087, -16.9960,  0, 0, 0,  2,  Oknoggin_Stonesmacker
P -841.1644, -1027.2576, 24.6139,  0, 0, 0,  2,  Killempre_Razenell
P -2720.0364, 1458.5415, 1.0459,  240, 240, 0,  2,  Fake_Wall
P -1451.0000, -1054.0000, -21.2432,  0, 128, 0,  2,  Kogg_(Fishing)
P -840.0000, -1000.0000, 21.8653,  0, 128, 0,  2,  Klob_(Merchant)
P 138.0000, -1129.0000, -0.1132,  0, 128, 0,  2,  Murga_(Tailor)
P 145.0000, -1144.0000, 0.4474,  0, 128, 0,  2,  Morpa_(Merchant)
P -1444.0000, -1144.0000, -18.2455,  0, 128, 0,  2,  Gub_(Merchant)
P -117.0000, -1182.0000, -4.5560,  0, 128, 0,  2,  Bup_(Baking)
P -1234.0000, -1005.0000, -18.5301,  0, 128, 0,  2,  Murg_(Smithing)
P -1267.0000, -975.0000, -18.5301,  0, 128, 0,  2,  Fugla_(Fletching)
P -2564.6553, 2048.4063, 0.0019,  255, 255, 0,  2,  Fake_Wall
P 1836.0762, -393.2709, 12.2602,  255, 0, 0,  2,  Druid_Ring