P -1468.4813, -537.5904, 34.4705, 240, 0, 0, 2, Gorehorn*
P -1928.1929, -1141.4287, 26.124, 127, 0, 0, 2, Prince_Garzemort
P -1995.4226, -3040.6489, 158.49, 240, 0, 0, 2, Skrietat'Cha(Owl)
P -1994.7727, -3532.8043, 152.9869, 240, 0, 0, 2, Skrietat'Chu(Owl)
P 2968.7184, -451.6992, 54.4645, 240, 0, 0, 2, Ghowlik(Wolf)
P 1436.9621, -875.7732, 98.4324, 240, 0, 0, 2, Curfang*(Wolf)1
P -1991.117, -3533.4535, 153.6939, 240, 0, 0, 2, Dreadmaw_Wolfkin(Wolf)
P -1995.757, -3044.4081, 158.5347, 240, 0, 0, 2, Fireclaw_Wolfkin(Wolf)
P 1691.5407, -692.3189, 38.6351, 240, 0, 0, 2, Gamtoine_Cursmakk*(Grim)1
P -1991.153, -3043.2638, 157.804, 240, 0, 0, 2, Gleeknot_Gnitrat(Grimling)
P -1991.1214, -3534.2903, 162.6767, 240, 0, 0, 2, Gniktar_Grinwit(Grimling)
P 2967.8744, -455.8172, 53.2453, 240, 0, 0, 2, Grurn_No_Eyes(Grimling)
P 2970.248, -452.1437, 53.1878, 240, 0, 0, 2, Skriat`Chee(Owl)
P 1465.343, -758.6041, 142.394, 240, 0, 0, 2, Skriat`Chet*(Owl)1
P -451.545, -2076.8043, 110.1052, 240, 0, 0, 2, Prince_Skriatat*(Owl)2
P -1958.7047, -1150.5688, 27.6205, 127, 0, 0, 2, Skriat'Chakku
P -153.3645, -977.4778, 35.3325, 240, 0, 0, 2, Warpaw_Dankpelt*(Wolf)2
P 143.2931, -1346.8633, 94.2135, 240, 0, 0, 2, Wiknak_Grimglom*(Grim)2
P -1944.5275, -1109.8722, 26.1617, 127, 0, 0, 2, Gnarlick*
P -2182.8097, -51.2254, 57.7379, 240, 0, 0, 2, Dirtchomp*
P 2678.851, -555.581, 42.5602, 127, 64, 0, 2, Cave_1
P -1148.3157, -2269.3065, 196.9596, 127, 64, 0, 2, Cave_2
P -2983.13, 1844.4567, -131.7068, 0, 0, 240, 2, Sellenna_Helmark
P -1924, -1095, 24.5946, 0, 0, 240, 2, Kerr_(M)
P -1928, -1141, 24.5946, 0, 0, 240, 2, Tolah_(M)
P -2035, -1070, 24.5946, 0, 0, 240, 2, Rittuh_(M)
P -1993, -1063, 24.5946, 0, 0, 240, 2, Tokk_(M)
P -2521.7568, 1094.9251, -128.5124, 0, 0, 127, 2, Gamali
P -1047.4179, -1925.3653, 150.9091, 0, 0, 127, 2, Brysta_Ducorran
P 2468.2728, -3008.8231, 264.3193, 0, 0, 127, 2, Lezeara_Veristar
P 2398.605, -2999.3024, 269.5839, 0, 0, 127, 2, Ahom_Guzhin
P -2949.9911, -1478.434, 109.766, 0, 0, 127, 2, Kallistar_Crestbourne
P -2949.8069, -972.9229, 109.7587, 0, 0, 127, 2, Brenyon_Seng
P -627.7791, -1253.1621, 67.4656, 0, 0, 0, 1, Porous_Ore
P -660.2888, -614.3085, 27.9405, 0, 0, 0, 1, Porous_Ore
P 769.2604, -313.6933, -72.6647, 0, 0, 0, 1, Porous_Ore
P -132.432, -1466.5751, 98.3328, 0, 0, 0, 1, Porous_Ore
P -1972.4042, 1280.611, -113.6949, 0, 0, 0, 1, Hollow_palm_roots
P -2035.6959, 1370.4812, -106.4896, 0, 0, 0, 1, Hollow_palm_roots
P -1940.2385, 1406.401, -123.6235, 0, 0, 0, 1, Black_silt_Clay
P -1224.4543, 1303.709, -101.8406, 0, 0, 0, 1, Hollow_pal_roots
P -1607.67, 1482.404, -76.7134, 0, 0, 0, 1, Hollow_pal_roots
P -1618.4124, 1516.1477, -77.478, 0, 0, 0, 1, Hollow_palm_root
P 1044.1945, 1942.1558, -104.8967, 0, 0, 0, 1, Grimroot
P 1185.9147, 1804.1681, -99.8451, 0, 0, 0, 1, Grimroot
P 620.3841, 2823.5524, 81.7772, 127, 64, 0, 2, Chieftain_Hut
P -1563.6612, 127.4024, 36.8415, 127, 64, 0, 2, Rockhopper_&_Beetle
P -1405.2572, 619.6259, -119.9021, 0, 0, 127, 2, Alladnu_Araihse(BST2.0)
P 1518.1885, -688.6201, 154.6157, 0, 0, 0, 1, Crystallized_Ygril_Root 
