P 673.0024, -1132.8298, -43.9939,  0, 128, 0,  2,  Innkeep_Darvon_(General)
P -2263.0146, -1456.0857, 295.4366,  0, 128, 0,  2,  Mune_(Merchant)
P -3821.0122, 282.5566, 492.3108,  0, 128, 0,  2,  Jurn_(Merchant)
P -4001.0254, 266.6147, 495.1636,  0, 128, 0,  2,  Lena_(Tailor)
P -3882.0134, 333.6866, 493.6318,  0, 128, 0,  2,  Krile_(Fletching)
P -3813.0186, 218.2433, 492.6088,  0, 128, 0,  2,  Jeena_(Merchant)
P 683.9999, -1092.7731, -44.0516,  0, 128, 0,  2,  Innkeep_Grace_(General)
P -2315.0000, -1518.8552, 296.0414,  128, 128, 128,  2,  Morin_(GM_Ranger)
P -1962.0000, 573.9733, 224.0984,  128, 128, 128,  2,  Kithicor_(GM_Ranger)
P 839.3963, -1433.0924, -47.7080,  0, 128, 0,  2,  Clomen_Walker_(Shoes)
P 499.8671, 103.5797, -39.4618,  0, 0, 0,  2,  Shamus_Gull
P -4670.0698, -368.2219, 659.5831,  0, 0, 0,  2,  Dusis_Moor
P -4157.8955, -1534.0762, 503.5427,  0, 0, 0,  2,  Lothlen_Selendru
P 830.6714, -1430.8530, -47.7538,  0, 127, 0,  2,  Eithne_Walker_(Satchels)
P 680.7111, -1157.3269, -44.0333,  0, 0, 0,  2,  Tallyn_Starwatch
P -1933.8878, 552.0051, 220.6444,  0, 0, 0,  2,  Thumper
P -2040.3114, 302.2185, 241.1352,  127, 64, 0,  2,  Unked_Shralok_(Named,Roam)
P -1899.5948, -478.0623, 218.7752,  0, 0, 0,  2,  Ged_Twigborn_(Roam)
P -1670.4583, -576.9169, 188.3814,  0, 0, 0,  2,  Tarnam