P -68.7385, 361.9670, -46.4585,  0, 127, 127,  2,  a_concerned_shade_(ToL:_teleport_stone)
P 55.9860, 228.2432, -58.9980,  0, 0, 0,  2,  Larren
P 15.5252, 51.1008, -33.9980,  0, 0, 0,  2,  Kardador_Tarsinian
P 47.3900, -18.4762, -33.9980,  0, 0, 0,  2,  Fani_Dertrimas
P -16.2108, -47.3207, -33.9980,  0, 0, 0,  2,  Persy_Clutches
P -41.9237, 17.2895, -33.9980,  0, 0, 0,  2,  Jayson_Bri`Tian
P 377.0000, -17.0000, -45.8740,  0, 0, 0,  2,  Antonica_Scion
P -385.0000, 14.0000, -45.8740,  0, 0, 0,  2,  Velious_Scion
P -351.0000, 14.0000, -45.8740,  0, 0, 0,  2,  Odus_Scion
P -90.0000, 484.0000, -60.8740,  0, 0, 0,  2,  Kunark_Scion
P -10.0000, -368.0000, -45.8740,  0, 0, 0,  2,  Faydwer_Scion
