P 143.7371, 579.4783, 8.1164,  240, 240, 240,  2,  Drakefire_Mountains
P 2635.4629, 2161.2549, -218.0916,  240, 240, 240,  2,  Outpost
P 1419.5906, -2222.9600, -388.6589,  127, 64, 0,  2,  Seetheker_(Hunter)
P 2162.2317, 2463.2522, -238.0030,  127, 64, 0,  2,  a_blood_drenched_hopling_(Hunter,Roam)
P 1388.8687, -2225.9795, -387.9780,  127, 64, 0,  2,  Seetheker_(Hunter)
P 2730.3301, 2826.2859, -211.5076,  0, 0, 0,  2,  Tessmina_Boerak
P 2442.4878, 221.7107, -235.6422,  0, 0, 0,  2,  Sidigar_Vorago
P 2287.3157, 2717.1233, -251.8366,  0, 0, 0,  2,  Fellmoor_Powell
P 702.9939, 831.4154, -221.5444,  0, 0, 0,  2,  Garneer_Stubb
P 2893.0000, 2214.0000, 0.0000,  0, 0, 0,  2,  Groo_McManus
P 2986.0000, 2595.0000, 0.0000,  0, 0, 0,  2,  Priestess_Bast
P 2849.0000, 2600.0000, 0.0000,  0, 0, 0,  2,  Kojinn_Kaa
P 2572.0000, 416.0000, 0.0000,  0, 0, 0,  2,  Elefan
P 2297.0000, 2005.0000, 0.0000,  0, 0, 0,  2,  Sentry_Kedra_Kai
P -366.5928, 614.1301, -430.1927,  0, 0, 0,  2,  Wunshi_Kashra_(SHM:1.5)
P -868.0727, 2550.8970, -446.6882,  0, 0, 0,  2,  Warlord_Shik_Thras
P 2944.0000, 2057.0000, -206.0000,  0, 0, 0,  1,  Kaza_Raj
P -1004.1276, 2590.2017, -440.3245,  0, 127, 0,  2,  a_Gor_Taku_blacksmith_(Smithing)
P -947.1315, 2684.9490, -437.7188,  0, 127, 0,  2,  a_Gor_Taku_barkeep_(Bar)
P 2974.0049, 1893.0048, -196.9980,  128, 128, 128,  2,  Koldar_(GM_Warrior)
P 2902.0000, 1695.0000, -215.2326,  255, 210, 0,  2,  Karra_Kai_(Banker)
P 2805.0022, 1637.0021, -218.0910,  128, 128, 128,  2,  Karina_(GM_Shaman)
P 2795.0081, 1417.0081, -222.8575,  0, 128, 0,  2,  Saren_(Baking)
P 2805.0054, 1449.0054, -222.8573,  0, 128, 0,  2,  Tiamon_(Tailor)
P 2684.0000, 1591.0000, -218.0860,  128, 128, 128,  2,  Omiyad_(GM_Bard)
P 2703.0044, 2262.0000, -218.0918,  128, 128, 128,  2,  Tarief_(GM_Rogue)
P 2860.0000, 2394.0059, -218.0918,  128, 128, 128,  2,  Captain_Alim_(GM_Beastlord)
P 2713.0020, 2530.0020, -205.4624,  128, 128, 128,  2,  Captain_Karim_(GM_Warrior)
P 790.0000, 827.0000, 0.0000,  255, 255, 255,  2,  Brigand_Camp
P 1014.0000, 2195.0000, -180.0000,  255, 255, 255,  2,  Gor/Shak_Camp
P -1461.0000, 1006.0000, -232.0000,  255, 255, 255,  2,  Guardian_Camp
P -1796.0000, -1193.0000, -274.0000,  255, 255, 255,  2,  Soldier_camp
P -985.0000, -950.0000, 0.0000,  255, 255, 255,  2,  Corpse_Camp
P -2143.0000, 1709.0000, 0.0000,  255, 255, 255,  2,  Loda_Kai_Embasy
P 2225.5447, -459.0812, -205.0233,  0, 0, 240,  1,  GS:_Stinking_Pile_of_Refuse
P -1041.3726, 2604.4080, -438.1272,  128, 0, 128,  2,  Forge
P -955.5778, 2694.7405, -437.7453,  128, 0, 128,  2,  Brew_Barrel